35,33
34,140
34,139
34,138
35,32
34,137
34,136
34,135
35,31
35,30
34,134
34,133
34,132
0,469
34,131
34,130
34,129
35,29
34,128
34,39
34,38
34,5
34,119
34,118
34,117
34,116
35,28
0,465
34,115
34,114
34,113
35,27
34,112
34,111
34,110
34,109
35,26
34,108
34,107
34,106
33,256
34,105
34,104
34,103
0,575
0,574
0,573
0,572
33,192
33,183
33,182
33,181
33,180
33,179
33,178
0,571
0,570
0,569
35,25
34,102
34,101
34,100
34,99
0,568
0,567
0,566
0,565
0,564
0,563
40,20
40,19
0,562
0,561
40,18
40,17
40,16
40,15
40,14
40,13
40,12
40,11
40,10
40,9
40,8
40,7
40,6
40,5
40,4
40,3
40,2
40,1
40,0
39,10
39,9
39,8
39,7
39,6
39,5
39,4
38,5
38,4
14,6
37,18
37,17
37,16
37,15
37,14
37,13
37,12
37,11
37,10
37,9
37,8
37,7
37,6
37,5
37,4
39,3
39,2
39,1
39,0
38,3
38,2
38,1
38,0
37,3
37,2
37,1
37,0
34,98
34,97
35,24
35,23
33,177
33,176
33,175
33,174
33,173
33,172
33,171
33,170
33,169
33,168
33,167
33,166
33,165
33,164
33,163
33,162
33,161
33,160
33,159
33,158
33,157
33,156
33,155
33,154
33,153
33,152
33,151
33,150
33,149
33,148
33,147
33,146
33,145
33,144
33,143
33,142
33,141
33,140
33,139
33,138
33,137
33,136
33,135
33,134
33,133
33,132
33,131
33,130
33,129
33,128
0,560
0,559
0,558
34,96
34,95
0,557
0,556
33,127
33,126
33,125
34,94
34,93
35,22
34,92
34,91
35,21
0,555
34,90
34,89
34,88
34,87
33,124
0,554
34,86
34,85
35,20
0,553
0,552
34,84
34,83
0,551
34,82
34,81
34,80
35,19
0,550
34,79
34,78
35,18
35,17
34,77
0,464
